========================================================================
Analysis for rotation: 0467 T4=36
Total numbers of trails found : 20
Differential Trails: 
Trail 0:
0001000000010001
0001000000000000
0000000000000000
0000000000000000
---Lambda--->
0000000000000000
0000000000000000
0100010001000000
0000001000000000
---Gamma--->
0000000000000000
0100011001000000
0000000000000000
0000000001000000
---Lambda--->
0100000000000000
0100011001000000
0000000100000000
0000000001000000
---Gamma--->
0100000000000000
0000000000000000
0100010101000000
0000001000000000
---Lambda--->
0101000000010001
0001000000000000
0000000100000000
0000000000000000

Weight: 42
Trail 1:
0001000000010001
0001000000000000
0000000000000000
0000000000000000
---Lambda--->
0000000000000000
0000000000000000
0100010001000000
0000001000000000
---Gamma--->
0000000000000000
0100011001000000
0000000000000000
0000000001000000
---Lambda--->
0100000000000000
0100011001000000
0000000100000000
0000000001000000
---Gamma--->
0100000000000000
0000010000000000
0100010101000000
0000001000000000
---Lambda--->
0001010000010101
0001010000000000
0001000000010000
0000000000000000

Weight: 43
Trail 2:
0001000000010001
0001000000000000
0000000000000000
0000000000000000
---Lambda--->
0000000000000000
0000000000000000
0100010001000000
0000001000000000
---Gamma--->
0000000000000000
0100011001000000
0000000000000000
0000000001000000
---Lambda--->
0100000000000000
0100011001000000
0000000100000000
0000000001000000
---Gamma--->
0100000000000000
0000000001000000
0100010101000000
0000001000000000
---Lambda--->
0001010001010001
0001000001000000
0000000000010001
0000000000000000

Weight: 43
Trail 3:
0001000000010001
0001000000000000
0000000000000000
0000000000000000
---Lambda--->
0000000000000000
0000000000000000
0100010001000000
0000001000000000
---Gamma--->
0000000000000000
0100011001000000
0000000000000000
0000000001000000
---Lambda--->
0100000000000000
0100011001000000
0000000100000000
0000000001000000
---Gamma--->
0000010001000000
0000000001000000
0100010101000000
0000001000000000
---Lambda--->
0101000000010001
0001000000000000
0000000000010001
0000000000001000

Weight: 43
Trail 4:
0000000000000000
0000000000000100
0001000000010001
1000000000000000
---Lambda--->
0000000000000000
0000000000000000
0001000000010001
0000000000000000
---Gamma--->
0000000000000000
0001000000010001
0000000000000000
0000000000000000
---Lambda--->
0000000000010000
0001000000010001
0100000000000000
0000000000000000
---Gamma--->
0000000000010000
0001000000010001
0101000000010001
0000000000000000
---Lambda--->
0000000000000000
0001000000010101
0001000000010001
1000000000000000

Weight: 47
Trail 5:
0000000010000000
0000000000000000
0000000000000010
0001000000010001
---Lambda--->
0000000000000000
0000000000000000
0000000000000000
0001000000010001
---Gamma--->
0000000000000000
0001000000010001
0000000000000000
0000000000000000
---Lambda--->
0000000000010000
0001000000010001
0100000000000000
0000000000000000
---Gamma--->
0000000000010000
0001000000010001
0101000000010001
0000000000000000
---Lambda--->
0000000000000000
0001000000010101
0001000000010001
1000000000000000

Weight: 42
Trail 6:
0000000000000000
0001000000010101
0001000000010001
1000000000000000
---Lambda--->
0000000000010000
0001000000010001
0101000000010001
0000000000000000
---Gamma--->
0000000000010000
0001000000010001
0100000000000000
0000000000000000
---Lambda--->
0000000000000000
0001000000010001
0000000000000000
0000000000000000
---Gamma--->
0000000000000000
0000000000000000
0001000000010001
0000000000000000
---Lambda--->
0000000000000000
0000000000000100
0001000000010001
1000000000000000

Weight: 47
Trail 7:
0000000000000000
0001000000010101
0001000000010001
1000000000000000
---Lambda--->
0000000000010000
0001000000010001
0101000000010001
0000000000000000
---Gamma--->
0000000000010000
0001000000010001
0100000000000000
0000000000000000
---Lambda--->
0000000000000000
0001000000010001
0000000000000000
0000000000000000
---Gamma--->
0000000000000000
0000000000000000
0000000000000000
0001000000010001
---Lambda--->
0000000010000000
0000000000000000
0000000000000010
0001000000010001

Weight: 42
Trail 8:
0000010001000100
0000000000000100
0000000000000000
0000000000000000
---Lambda--->
0000000000000000
0000000000000000
0001000000010001
1000000000000000
---Gamma--->
0000000000000000
1001000000010001
0000000000000000
0001000000000000
---Lambda--->
0000000000010000
1001000000010001
0100000000000000
0001000000000000
---Gamma--->
0000000000010000
0000000000000000
0101000000010001
1000000000000000
---Lambda--->
0000010001010100
0000000000000100
0100000000000000
0000000000000000

Weight: 42
Trail 9:
0000010001000100
0000000000000100
0000000000000000
0000000000000000
---Lambda--->
0000000000000000
0000000000000000
0001000000010001
1000000000000000
---Gamma--->
0000000000000000
1001000000010001
0000000000000000
0001000000000000
---Lambda--->
0000000000010000
1001000000010001
0100000000000000
0001000000000000
---Gamma--->
0000000000010000
0001000000000000
0101000000010001
1000000000000000
---Lambda--->
0001010001000101
0001000000000100
0000010001000000
0000000000000000

Weight: 43
Trail 10:
0000010001000100
0000000000000100
0000000000000000
0000000000000000
---Lambda--->
0000000000000000
0000000000000000
0001000000010001
1000000000000000
---Gamma--->
0000000000000000
1001000000010001
0000000000000000
0001000000000000
---Lambda--->
0000000000010000
1001000000010001
0100000000000000
0001000000000000
---Gamma--->
0001000000000001
0001000000000000
0101000000010001
1000000000000000
---Lambda--->
0000010001010100
0000000000000100
0000010001000000
0000001000000000

Weight: 43
Trail 11:
0000010001000100
0000000000000100
0000000000000000
0000000000000000
---Lambda--->
0000000000000000
0000000000000000
0001000000010001
1000000000000000
---Gamma--->
0000000000000000
1001000000010001
0000000000000000
0001000000000000
---Lambda--->
0000000000010000
1001000000010001
0100000000000000
0001000000000000
---Gamma--->
0000000000010000
0000000000000001
0101000000010001
1000000000000000
---Lambda--->
0000010101000101
0000000000000101
0000010000000100
0000000000000000

Weight: 43
Trail 12:
0000000000000000
0101000100000001
0001000100000001
0000100000000000
---Lambda--->
0000000000000001
0001000100000001
0001010100000001
0000000000000000
---Gamma--->
0000000000000001
0001000100000001
0000010000000000
0000000000000000
---Lambda--->
0000000000000000
0001000100000001
0000000000000000
0000000000000000
---Gamma--->
0000000000000000
0000000000000000
0001000100000001
0000000000000000
---Lambda--->
0000000000000000
0100000000000000
0001000100000001
0000100000000000

Weight: 47
Trail 13:
0000000000000000
0101000100000001
0001000100000001
0000100000000000
---Lambda--->
0000000000000001
0001000100000001
0001010100000001
0000000000000000
---Gamma--->
0000000000000001
0001000100000001
0000010000000000
0000000000000000
---Lambda--->
0000000000000000
0001000100000001
0000000000000000
0000000000000000
---Gamma--->
0000000000000000
0000000000000000
0000000000000000
0001000100000001
---Lambda--->
0000000000001000
0000000000000000
0010000000000000
0001000100000001

Weight: 42
Trail 14:
0100000001000101
0100000000000000
0000000001000100
0000000000100000
---Lambda--->
0001000100000000
0000000100000000
0001010100000001
0000100000000000
---Gamma--->
0000000000000001
0001100100000001
0000010000000000
0000000100000000
---Lambda--->
0000000000000000
0001100100000001
0000000000000000
0000000100000000
---Gamma--->
0000000000000000
0000000000000000
0001000100000001
0000100000000000
---Lambda--->
0100000001000100
0100000000000000
0000000000000000
0000000000000000

Weight: 43
Trail 15:
0100000001000101
0100000000000000
0000010000000000
0000000000000000
---Lambda--->
0000000000000001
0000000000000000
0001010100000001
0000100000000000
---Gamma--->
0000000000000001
0001100100000001
0000010000000000
0000000100000000
---Lambda--->
0000000000000000
0001100100000001
0000000000000000
0000000100000000
---Gamma--->
0000000000000000
0000000000000000
0001000100000001
0000100000000000
---Lambda--->
0100000001000100
0100000000000000
0000000000000000
0000000000000000

Weight: 42
Trail 16:
0101000001010100
0101000000000000
0100000001000000
0000000000000000
---Lambda--->
0000000000000001
0001000000000000
0001010100000001
0000100000000000
---Gamma--->
0000000000000001
0001100100000001
0000010000000000
0000000100000000
---Lambda--->
0000000000000000
0001100100000001
0000000000000000
0000000100000000
---Gamma--->
0000000000000000
0000000000000000
0001000100000001
0000100000000000
---Lambda--->
0100000001000100
0100000000000000
0000000000000000
0000000000000000

Weight: 43
Trail 17:
0101000101000100
0100000100000000
0000000001000100
0000000000000000
---Lambda--->
0000000000000001
0000000100000000
0001010100000001
0000100000000000
---Gamma--->
0000000000000001
0001100100000001
0000010000000000
0000000100000000
---Lambda--->
0000000000000000
0001100100000001
0000000000000000
0000000100000000
---Gamma--->
0000000000000000
0000000000000000
0001000100000001
0000100000000000
---Lambda--->
0100000001000100
0100000000000000
0000000000000000
0000000000000000

Weight: 43
Trail 18:
0000000000000000
0001000000000000
0100010001000000
0000001000000000
---Lambda--->
0000000000000000
0000000000000000
0100010001000000
0000000000000000
---Gamma--->
0000000000000000
0100010001000000
0000000000000000
0000000000000000
---Lambda--->
0100000000000000
0100010001000000
0000000100000000
0000000000000000
---Gamma--->
0100000000000000
0100010001000000
0100010101000000
0000000000000000
---Lambda--->
0000000000000000
0101010001000000
0100010001000000
0000001000000000

Weight: 47
Trail 19:
0000000000010000
0000000000000000
0100000000000000
0010001000000010
---Lambda--->
0000000000000000
0000000000000000
0000000000000000
0010001000000010
---Gamma--->
0000000000000000
0010001000000010
0000000000000000
0000000000000000
---Lambda--->
0000000000000010
0010001000000010
0000100000000000
0000000000000000
---Gamma--->
0000000000000010
0010001000000010
0010101000000010
0000000000000000
---Lambda--->
0000000000000000
1010001000000010
0010001000000010
0001000000000000

Weight: 42
Best 4-Round trail found with weight: 42
Bad trails: 0
Analysis for rotation: 0467 T4=36
Total numbers of trails found : 9
Linear Trails: 
Trail 0:
0000000000000000
0101010000000000
0000000000000000
0000000000000000
---Lambda--->
0001010001010001
0101010000000000
0100010001010001
0000000000000000
---Gamma--->
0001010001010001
0101010000000000
0100010001010001
0000000000000000
---Lambda--->
0000000000000000
0101010000000000
0000000000000000
0000000000000000
---Gamma--->
0101010000000000
0000000000000000
0101010000000000
0000000000000000
---Lambda--->
0101010000000000
0001010000000000
0101010000000000
0000001010000000

Weight: 23
Trail 1:
0101010000000000
0001010000000000
0101010000000000
0000001010000000
---Lambda--->
0101010000000000
0000000000000000
0101010000000000
0000000000000000
---Gamma--->
0000000000000000
0101010000000000
0000000000000000
0000000000000000
---Lambda--->
0001010001010001
0101010000000000
0100010001010001
0000000000000000
---Gamma--->
0001010001010001
0101010000000000
0100010001010001
0000000000000000
---Lambda--->
0000000000000000
0101010000000000
0000000000000000
0000000000000000

Weight: 23
Trail 2:
0000000000000000
0101010000000000
0000000000000000
0000000000000000
---Lambda--->
0001010001010001
0101010000000000
0100010001010001
0000000000000000
---Gamma--->
0001010001010000
0100010000010001
0100000001010001
0000000000000000
---Lambda--->
0000000000010001
0100010000010001
0100010000000000
0000000000000000
---Gamma--->
0000000000000000
0100010000000000
0000000000010001
0000000000000000
---Lambda--->
0000010001000000
0000000000000000
0000000000000000
0000100010000000

Weight: 24
Trail 3:
0000010000000101
0000000000000100
0000010000000001
1000000000000000
---Lambda--->
0000010000000101
0000000000000000
0000010000000001
0000000000000000
---Gamma--->
0000000000000000
0000010000000101
0000000000000000
0000000000000000
---Lambda--->
0100000101010001
0000010000000101
0100010100000101
0000000000000000
---Gamma--->
0100000101010001
0000010000000101
0100010100000101
0000000000000000
---Lambda--->
0000000000000000
0000010000000101
0000000000000000
0000000000000000

Weight: 23
Trail 4:
0000010000000101
0000000000000100
0000010000000001
1000000000000000
---Lambda--->
0000010000000101
0000000000000000
0000010000000001
0000000000000000
---Gamma--->
0000000000000001
0000010000000101
0000010000000000
0000000000000000
---Lambda--->
0100000101010000
0000010000000101
0100000100000101
0000000000000000
---Gamma--->
0100000101010000
0000010000000101
0100000100000101
0000000000000000
---Lambda--->
0000000000000001
0000010000000101
0000010000000000
0000000000000000

Weight: 23
Trail 5:
0000000000000000
0000000101010000
0000000000000000
0000000000000000
---Lambda--->
0100010001010001
0000000101010000
0100010100010001
0000000000000000
---Gamma--->
0100010001010001
0000000101010000
0100010100010001
0000000000000000
---Lambda--->
0000000000000000
0000000101010000
0000000000000000
0000000000000000
---Gamma--->
0000000101010000
0000000000000000
0000000101010000
0000000000000000
---Lambda--->
0000000101010000
0000000001010000
0000000101010000
0000000000001010

Weight: 23
Trail 6:
0001000000010000
0001000000000000
0000010000000000
0000001000000000
---Lambda--->
0001000000010000
0000000000000000
0000010000000000
0000000000000000
---Gamma--->
0000010000000000
0001010000010000
0000000000010000
0000000000000000
---Lambda--->
0100000100000101
0001010000010000
0001010100000100
0000000000000000
---Gamma--->
0100000100000101
0001010000010000
0001010100000100
0000000000000000
---Lambda--->
0000010000000000
0001010000010000
0000000000010000
0000000000000000

Weight: 22
Trail 7:
0101000000000001
0101000000000000
0101000000000001
0000101000000000
---Lambda--->
0101000000000001
0000000000000000
0101000000000001
0000000000000000
---Gamma--->
0000000000000000
0101000000000001
0000000000000000
0000000000000000
---Lambda--->
0101000101000100
0101000000000001
0001000101000101
0000000000000000
---Gamma--->
0101000101000100
0101000000000001
0001000101000101
0000000000000000
---Lambda--->
0000000000000000
0101000000000001
0000000000000000
0000000000000000

Weight: 23
Trail 8:
0001000100000000
0000000000000000
0000000000000000
0010001000000000
---Lambda--->
0000000000000000
0001000000000001
0000000001000100
0000000000000000
---Gamma--->
0000000001000100
0001000001000101
0001000000000001
0000000000000000
---Lambda--->
0101000101000000
0001000001000101
0000000101000101
0000000000000000
---Gamma--->
0101000101000100
0101000000000001
0001000101000101
0000000000000000
---Lambda--->
0000000000000000
0101000000000001
0000000000000000
0000000000000000

Weight: 24
Best 4-Round trail found with weight: 22
Bad trails: 0
========================================================================

